4294967279,287
4294967278,300
4294967278,344
4294967278,299
4294967279,319
4294967278,324
4294967279,223
4294967278,358
4294967278,323
865,6
865,5
865,4
865,3
865,2
865,1
4294967294,399
4294967294,1415
4294967294,384
4294967294,1014
4294967294,415
4294967294,184
4294967294,175
4294967294,461
4294967294,464
4294967294,1413
4294967294,173
4294967279,181
4294967278,424
4294967279,569
4294967278,295
862,6
862,5
862,4
862,3
862,2
862,1
4294967278,225
4294967279,516
4294967279,328
4294967278,159
859,5
859,4
859,3
859,2
859,1
4294967279,297
4294967278,443
4294967279,133
4294967278,270
4294967279,265
4294967278,442
4294967278,265
4294967278,261
4294967279,254
855,5
4294967278,278
855,4
855,3
855,2
855,1
4294967279,375
853,5
4294967279,248
853,4
853,3
853,2
853,1
4294967278,298
4294967278,416
4294967294,192
4294967294,185
4294967278,208
4294967278,439
4294967279,296
4294967278,348
4294967278,297
4294967279,295
4294967279,294
4294967278,437
849,6
849,5
849,4
849,3
849,2
849,1
4294967294,402
4294967294,118
4294967294,1416
4294967279,191
4294967279,185
4294967279,180
4294967278,181
4294967279,329
4294967278,180
846,5
846,4
846,3
846,2
846,1
4294967278,175
4294967279,175
845,4
845,3
845,2
845,1
4294967279,292
844,6
844,5
844,4
844,3
844,2
844,1
4294967279,160
4294967278,160
843,5
4294967279,159
843,4
843,3
843,2
843,1
4294967294,194
4294967294,997
842,5
842,4
842,3
842,2
842,1
4294967278,143
841,5
841,4
4294967279,140
841,3
841,2
841,1
839,4
839,3
839,2
839,1
4294967279,291
4294967279,524
4294967278,340
4294967278,294
4294967279,299
4294967278,246
4294967279,236
4294967279,540
4294967279,286
4294967278,436
4294967294,167
4294967294,462
4294967278,332
838,6
838,5
838,4
838,3
838,2
838,1
4294967279,285
4294967278,252
835,5
835,4
835,2
835,1
4294967278,291
4294967278,435
4294967278,434
4294967278,383
4294967278,147
4294967279,146
4294967279,145
831,5
831,4
831,3
831,2
831,1
829,5
829,4
829,2
829,1
4294967279,368
4294967278,431
4294967279,261
4294967278,429
4294967279,284
4294967278,327
4294967279,249
4294967279,243
825,6
825,5
4294967278,234
825,4
4294967279,233
825,2
825,1
4294967279,542
4294967278,229
4294967279,221
4294967279,217
4294967279,213
822,5
822,4
822,3
822,2
822,1
821,4
821,3
821,2
821,1
4294967294,148
820,6
4294967294,1013
820,5
820,4
820,3
820,2
820,1
819,5
819,4
819,3
819,2
819,1
4294967278,420
818,5
818,4
818,3
818,2
818,1
4294967279,281
817,5
817,4
817,3
817,2
817,1
815,4
815,3
815,2
815,1
4294967278,155
4294967279,274
4294967279,553
4294967279,273
4294967279,269
4294967294,999
4294967278,360
4294967294,205
4294967279,107
4294967279,101
4294967279,100
4294967279,97
4294967279,95
4294967279,94
4294967279,93
4294967279,92
4294967279,91
4294967279,90
4294967279,89
4294967279,87
4294967279,86
4294967278,249
4294967278,347
4294967278,322
4294967278,61
4294967278,60
4294967278,54
4294967278,52
4294967278,51
4294967278,50
4294967278,49
4294967278,46
4294967278,44
4294967278,43
4294967278,38
4294967278,36
4294967278,35
4294967278,34
4294967278,33
4294967278,31
4294967278,26
4294967278,338
4294967278,25
4294967278,398
4294967278,22
4294967278,19
4294967278,18
4294967278,17
4294967278,12
4294967278,8
4294967278,5
4294967279,268
4294967279,119
4294967279,117
4294967279,114
4294967279,112
4294967279,111
4294967279,110
4294967279,109
4294967279,108
4294967279,99
4294967279,79
4294967279,77
4294967279,338
4294967279,74
4294967279,69
4294967279,63
4294967279,60
4294967279,55
4294967279,53
4294967279,52
4294967279,51
4294967279,43
4294967279,30
4294967279,25
4294967279,20
4294967279,19
4294967279,18
4294967278,28
4294967279,28
4294967279,541
4294967279,136
4294967278,136
4294967278,135
4294967278,20
4294967279,557
4294967278,428
4294967278,11
4294967279,131
4294967279,11
4294967278,10
814,6
814,5
814,4
814,3
814,2
814,1
4294967279,129
4294967279,128
4294967279,116
4294967279,115
4294967279,113
811,5
811,4
811,2
811,1
4294967278,427
4294967279,98
4294967294,455
4294967294,110
4294967279,535
4294967278,284
4294967279,96
4294967278,425
4294967279,259
4294967279,156
807,5
807,4
807,3
807,2
807,1
4294967279,65
4294967279,177
805,5
805,4
805,2
805,1
4294967279,300
4294967279,169
4294967279,137
4294967279,298
4294967279,382
4294967278,158
4294967279,157
4294967278,307
4294967278,148
801,6
801,5
801,4
801,2
801,1
4294967278,336
4294967279,381
4294967278,333
798,5
798,4
798,3
798,2
798,1
797,4
797,3
797,2
797,1
4294967294,444
4294967294,451
796,6
4294967279,512
796,5
796,4
796,3
796,2
796,1
795,5
795,4
795,3
795,2
795,1
794,5
794,4
794,3
794,2
794,1
793,5
793,4
793,3
793,2
793,1
4294967279,548
791,4
791,3
791,2
791,1
4294967294,182
4294967294,1009
4294967278,413
4294967278,42
4294967278,40
4294967278,39
4294967278,37
4294967278,417
4294967278,27
4294967278,335
4294967278,15
4294967278,13
4294967279,41
4294967279,29
4294967279,27
4294967279,15
4294967278,419
4294967279,568
790,6
790,5
790,4
790,3
790,2
790,1
4294967278,223
4294967278,41
4294967278,339
787,5
4294967278,150
787,4
787,2
787,1
4294967278,149
4294967278,374
4294967278,146
4294967278,145
4294967279,552
4294967278,144
4294967279,551
4294967278,140
4294967278,286
4294967279,134
4294967278,134
4294967278,276
4294967278,288
4294967279,282
4294967278,287
4294967278,289
4294967278,268
4294967278,267
4294967279,275
783,5
783,4
783,3
783,2
783,1
4294967279,514
781,5
781,4
781,2
781,1
4294967279,237
4294967278,415
4294967278,221
4294967279,293
4294967278,206
4294967279,267
4294967279,196
777,6
777,5
777,4
777,2
777,1
4294967279,182
4294967294,1007
774,5
774,4
774,3
774,2
774,1
4294967278,176
773,4
773,3
773,2
773,1
4294967278,430
772,6
772,5
4294967279,165
772,4
772,3
772,2
772,1
4294967294,412
771,5
771,4
771,3
771,2
771,1
770,5
770,4
770,3
770,2
770,1
769,5
769,4
769,3
769,2
769,1
4294967279,323
767,4
767,3
767,2
767,1
4294967279,528
4294967278,373
4294967278,405
4294967278,384
4294967278,4
4294967279,351
4294967279,356
4294967278,414
4294967278,410
4294967278,329
4294967278,328
4294967278,409
4294967279,118
4294967279,318
4294967294,1002
4294967278,352
766,6
4294967279,247
766,5
766,4
4294967279,245
766,3
766,2
766,1
4294967279,326
4294967278,238
4294967278,237
4294967278,404
4294967278,218
4294967278,210
4294967278,207
763,5
763,4
763,2
763,1
4294967294,449
4294967279,380
4294967278,402
4294967279,197
4294967279,198
4294967278,197
4294967279,383
4294967279,547
4294967278,400
4294967279,192
4294967279,190
4294967279,189
4294967279,188
4294967279,183
4294967279,303
4294967278,411
4294967278,179
4294967278,178
4294967279,178
4294967278,177
4294967279,176
759,5
4294967278,173
759,4
759,3
759,2
759,1
4294967278,283
757,5
757,4
757,2
757,1
4294967279,546
4294967279,325
753,6
753,5
753,4
753,2
753,1
4294967278,279
4294967278,394
750,5
750,4
750,3
750,2
750,1
749,4
749,3
749,2
749,1
4294967279,347
748,6
748,5
748,4
748,3
748,2
748,1
4294967294,448
4294967294,119
4294967278,408
4294967279,531
747,5
747,4
747,3
747,2
747,1
746,5
746,4
746,3
746,2
746,1
745,5
745,4
745,3
745,2
745,1
743,4
743,3
743,2
743,1
4294967278,392
4294967294,468
4294967279,537
4294967279,367
4294967278,172
4294967278,370
4294967279,83
4294967279,82
4294967279,81
4294967279,558
4294967278,371
4294967278,391
742,6
742,5
742,4
742,3
742,2
742,1
4294967278,378
4294967279,349
4294967279,559
4294967278,446
4294967279,150
4294967278,390
4294967279,545
4294967294,995
4294967294,1012
4294967279,379
4294967278,366
739,5
739,4
739,2
739,1
4294967279,280
4294967278,280
4294967278,389
4294967279,258
4294967278,445
4294967278,353
4294967294,486
735,5
735,4
735,3
735,2
735,1
4294967279,378
4294967278,236
4294967294,413
4294967294,178
4294967294,466
4294967279,374
4294967279,2
4294967279,88
733,5
733,4
733,3
733,2
733,1
4294967279,372
4294967278,385
4294967279,68
4294967279,370
4294967279,76
4294967294,485
729,6
729,5
729,4
729,2
729,1
4294967279,66
4294967279,172
726,5
726,4
726,3
726,2
726,1
725,4
725,3
725,2
725,1
724,6
4294967294,484
724,5
724,4
724,3
724,2
724,1
723,5
723,4
723,3
723,2
723,1
722,5
722,4
722,3
722,2
722,1
721,5
721,4
721,3
721,2
721,1
4294967294,483
4294967278,231
719,4
719,3
719,2
719,1
4294967294,1008
4294967294,403
4294967294,411
4294967278,137
4294967278,132
4294967278,125
4294967278,123
4294967278,122
4294967278,120
